Bx, By, Bz
2.57, 5.41, 10.72
4.09, 4.79, 11.32
3.81, 7.28, 12.52
4.51, 8.32, 13.52
4.23, 7.91, 13.12
4.92, 8.95, 14.93
3.68, 7.91, 14.33
4.09, 9.36, 14.93
7.84, 8.74, 12.72
8.11, 12.90, 14.73
5.48, 8.95, 14.53
2.29, 1.25, 13.92
1.60, 3.95, 12.52
1.73, 5.83, 13.52
1.60, 7.70, 12.12
4.37, 6.03, 8.11
8.53, 3.95, 6.11
10.33, 8.32, 11.92
6.59, 16.44, 17.33
4.92, 9.78, 17.33
2.98, 3.54, 13.32
0.62, 4.58, 15.13
0.49, 10.19, 15.33
3.54, 3.54, 12.12
7.14, 5.20, 5.71
10.06, 4.99, 7.91
9.36, 12.28, 14.53
4.79, 9.15, 19.53
0.21, 5.62, 16.93
0.35, 6.24, 16.33
0.49, 9.78, 15.73
1.04, 6.45, 10.52
5.34, 4.58, 6.71
9.09, 9.78, 11.72
8.25, 16.02, 17.73
3.54, 10.61, 20.14
0.62, 5.83, 17.93
1.18, 11.65, 15.93
1.46, 7.91, 14.73
4.37, 3.95, 7.71
9.22, 6.24, 9.52
11.44, 15.40, 13.92
7.98, 21.85, 17.33
2.84, 12.07, 21.54
-0.21, 10.40, 19.53
1.04, 11.86, 17.33
-0.21, 8.32, 12.32
5.90, 2.08, 7.91
9.36, 7.28, 8.92
11.03, 18.10, 13.72
6.87, 22.26, 18.53
-2.01, 11.86, 20.54
-2.29, 10.61, 18.53
-0.49, 13.73, 18.73
2.84, 11.24, 13.12
8.81, 4.37, 7.31
14.77, 13.32, 6.31
14.08, 22.26, 12.52
8.81, 21.85, 19.33
2.29, 14.15, 19.94
-0.35, 15.19, 18.13
-0.07, 10.61, 18.13
2.15, 6.03, 9.72
9.50, 4.99, 5.51
14.36, 12.28, 5.71
13.80, 24.76, 13.32
8.39, 24.55, 19.13
1.32, 16.44, 21.34
1.60, 18.52, 20.54
1.87, 10.61, 15.33
7.42, 4.79, 8.11
12.83, 9.57, 5.11
13.11, 20.81, 11.52
10.89, 25.80, 17.13
2.57, 17.06, 21.54
-2.29, 14.36, 20.54
0.90, 15.40, 18.33
5.20, 8.11, 9.72
13.11, 4.99, 3.51
16.58, 12.28, 2.10
15.60, 27.88, 9.92
8.11, 27.88, 18.33
0.21, 15.19, 22.54
-0.21, 15.40, 19.94
1.87, 14.77, 16.93
4.37, 10.61, 13.32
8.67, 7.91, 8.72
11.17, 16.23, 10.72
8.53, 25.18, 18.93
7.70, 18.93, 20.14
3.95, 12.48, 21.14
3.68, 21.64, 19.94
4.51, 14.98, 15.93
5.48, 7.28, 8.52
13.52, 9.36, 3.71
15.33, 20.81, 9.12
12.97, 27.67, 16.53
4.51, 17.48, 21.94
2.29, 13.73, 19.94
1.87, 15.60, 16.93
4.23, 9.15, 11.52
9.64, 7.70, 5.71
12.55, 14.98, 7.91
14.08, 25.18, 10.92
5.76, 24.34, 19.73
-1.60, 15.81, 21.14
0.07, 15.81, 19.53
2.15, 12.69, 14.93
4.79, 7.07, 9.12
11.86, 11.86, 7.71
10.61, 21.22, 13.92
6.73, 18.31, 20.74
3.68, 12.48, 18.73
2.01, 12.48, 17.93
1.04, 11.44, 16.93
-0.49, 6.66, 10.32
7.56, 5.83, 9.12
10.75, 15.19, 12.92
9.64, 21.01, 14.93
5.20, 18.52, 18.53
-0.76, 14.98, 20.34
0.62, 14.98, 17.53
2.84, 7.49, 10.32
10.06, 7.49, 3.91
13.39, 13.32, 4.71
11.44, 18.73, 12.72
3.12, 19.56, 22.34
-1.73, 12.69, 19.33
-2.01, 14.77, 18.13
-0.62, 12.69, 16.93
3.68, 7.49, 11.12
9.92, 10.61, 8.92
7.28, 19.56, 16.33
4.09, 18.93, 20.94
-1.60, 15.40, 20.74
0.21, 18.52, 18.53
1.73, 9.99, 13.92
4.92, 1.87, 7.31
8.25, 4.37, 7.31
10.19, 16.02, 11.72
10.47, 22.26, 15.73
-0.21, 19.56, 21.14
-5.48, 19.56, 20.74
1.60, 11.44, 13.72
6.17, 4.99, 7.51
12.55, 7.07, 4.31
14.91, 15.19, 8.52
9.09, 23.09, 15.33
2.01, 17.89, 20.34
-4.37, 16.64, 19.94
-2.01, 14.77, 16.13
2.57, 6.66, 9.52
9.09, 7.70, 4.91
13.25, 13.52, 5.31
9.64, 20.18, 13.32
7.56, 23.30, 17.93
1.73, 14.15, 20.74
0.07, 17.48, 17.93
0.49, 11.44, 14.12
3.26, 8.53, 9.32
12.69, 11.44, 4.51
17.55, 21.22, 4.71
12.97, 26.84, 14.12
2.15, 13.94, 18.93
1.60, 16.85, 19.33
5.06, 14.56, 15.93
7.56, 7.07, 6.71
14.63, 7.28, 0.50
14.91, 14.36, 4.51
12.83, 20.81, 11.92
5.90, 21.22, 18.33
2.01, 13.32, 19.13
2.57, 13.73, 17.13
0.49, 11.03, 12.12
6.87, 8.53, 7.31
13.80, 12.28, 6.11
14.63, 22.26, 8.92
9.92, 22.68, 15.73
3.68, 13.32, 19.13
1.87, 16.44, 19.33
2.70, 12.28, 15.33
5.20, 6.03, 8.52
13.66, 8.74, 4.31
19.21, 17.48, 3.91
14.63, 28.09, 9.32
6.87, 21.43, 19.33
-0.07, 21.43, 21.74
7.00, 23.30, 16.73
11.44, 11.65, 5.11
15.05, 9.99, -0.50
16.58, 15.60, 5.31
12.69, 23.51, 12.12
6.03, 18.10, 18.93
1.87, 12.69, 18.13
-0.35, 15.19, 18.93
3.54, 11.03, 13.72
12.83, 9.15, 5.11
17.41, 19.77, 1.70
17.69, 30.17, 7.31
